Name      	Sequence       	Tm°C	CG%	nt	A	T	C	G	Extinction coefficient(l/(mol·cm)	Molecular weight(g/mol)	nmol	µg/OD260
CGT_49_10 	cggaacagct     	36.2	60.0	10	3.0	1.0	3.0	3.0	96900.0                           	3037.0                 	10.3	31.3
CGT_49_11 	acggaacagct    	39.2	54.5	11	4.0	1.0	3.0	3.0	110700.0                          	3350.3                 	9.0 	30.3
CGT_49_12 	gacggaacagct   	43.2	58.3	12	4.0	1.0	3.0	4.0	120500.0                          	3679.5                 	8.3 	30.5
CGT_49_13 	ggacggaacagct  	49.9	61.5	13	4.0	1.0	3.0	5.0	130600.0                          	4008.7                 	7.7 	30.7
CGT_49_14 	gggacggaacagct 	55.6	64.3	14	4.0	1.0	3.0	6.0	140700.0                          	4337.9                 	7.1 	30.8
CGT_49_15 	tgggacggaacagct	59.3	60.0	15	4.0	2.0	3.0	6.0	148200.0                          	4642.1                 	6.7 	31.3
GTT_52_10 	cggaacagct     	36.2	60.0	10	3.0	1.0	3.0	3.0	96900.0                           	3037.0                 	10.3	31.3
GTT_52_11 	acggaacagct    	39.2	54.5	11	4.0	1.0	3.0	3.0	110700.0                          	3350.3                 	9.0 	30.3
GTT_52_12 	gacggaacagct   	43.2	58.3	12	4.0	1.0	3.0	4.0	120500.0                          	3679.5                 	8.3 	30.5
GTT_52_13 	ggacggaacagct  	49.9	61.5	13	4.0	1.0	3.0	5.0	130600.0                          	4008.7                 	7.7 	30.7
GTT_52_14 	gggacggaacagct 	55.6	64.3	14	4.0	1.0	3.0	6.0	140700.0                          	4337.9                 	7.1 	30.8
GTT_52_15 	tgggacggaacagct	59.3	60.0	15	4.0	2.0	3.0	6.0	148200.0                          	4642.1                 	6.7 	31.3
TGT_55_10 	ctgggagaga     	29.3	60.0	10	3.0	1.0	1.0	5.0	106000.0                          	3117.1                 	9.4 	29.4
TGT_55_11 	ctgggagagac    	33.1	63.6	11	3.0	1.0	2.0	5.0	111800.0                          	3406.3                 	8.9 	30.5
TGT_55_12 	ctgggagagacc   	41.7	66.7	12	3.0	1.0	3.0	5.0	119000.0                          	3695.5                 	8.4 	31.1
TGT_55_13 	ctgggagagaccg  	50.4	69.2	13	3.0	1.0	3.0	6.0	129600.0                          	4024.7                 	7.7 	31.1
TGT_55_14 	ctgggagagaccgg 	56.1	71.4	14	3.0	1.0	3.0	7.0	139700.0                          	4353.9                 	7.2 	31.2
TGT_55_15 	ctgggagagaccggc	61.2	73.3	15	3.0	1.0	4.0	7.0	145800.0                          	4643.1                 	6.9 	31.8
TGT_61_10 	ctgggagaga     	29.3	60.0	10	3.0	1.0	1.0	5.0	106000.0                          	3117.1                 	9.4 	29.4
TGT_61_11 	ctgggagagac    	33.1	63.6	11	3.0	1.0	2.0	5.0	111800.0                          	3406.3                 	8.9 	30.5
TGT_61_12 	ctgggagagacc   	41.7	66.7	12	3.0	1.0	3.0	5.0	119000.0                          	3695.5                 	8.4 	31.1
TGT_61_13 	ctgggagagaccg  	50.4	69.2	13	3.0	1.0	3.0	6.0	129600.0                          	4024.7                 	7.7 	31.1
TGT_61_14 	ctgggagagaccgg 	56.1	71.4	14	3.0	1.0	3.0	7.0	139700.0                          	4353.9                 	7.2 	31.2
TGT_61_15 	ctgggagagaccggc	61.2	73.3	15	3.0	1.0	4.0	7.0	145800.0                          	4643.1                 	6.9 	31.8
GCC_58_10 	ctgggagaga     	29.3	60.0	10	3.0	1.0	1.0	5.0	106000.0                          	3117.1                 	9.4 	29.4
GCC_58_11 	ctgggagagac    	33.1	63.6	11	3.0	1.0	2.0	5.0	111800.0                          	3406.3                 	8.9 	30.5
GCC_58_12 	ctgggagagacc   	41.7	66.7	12	3.0	1.0	3.0	5.0	119000.0                          	3695.5                 	8.4 	31.1
GCC_58_13 	ctgggagagaccg  	50.4	69.2	13	3.0	1.0	3.0	6.0	129600.0                          	4024.7                 	7.7 	31.1
GCC_58_14 	ctgggagagaccgg 	56.1	71.4	14	3.0	1.0	3.0	7.0	139700.0                          	4353.9                 	7.2 	31.2
GCC_58_15 	ctgggagagaccggc	61.2	73.3	15	3.0	1.0	4.0	7.0	145800.0                          	4643.1                 	6.9 	31.8
CCT_64_10 	ttgtgcctgt     	32.1	50.0	10	0.0	5.0	2.0	3.0	85800.0                           	3025.0                 	11.7	35.3
CCT_64_11 	tttgtgcctgt    	37.2	45.5	11	0.0	6.0	2.0	3.0	93900.0                           	3329.2                 	10.6	35.5
CCT_64_12 	gtttgtgcctgt   	40.1	50.0	12	0.0	6.0	2.0	4.0	105200.0                          	3658.4                 	9.5 	34.8
CCT_64_13 	tgtttgtgcctgt  	45.4	46.2	13	0.0	7.0	2.0	4.0	112700.0                          	3962.6                 	8.9 	35.2
CCT_64_14 	gtgtttgtgcctgt 	47.5	50.0	14	0.0	7.0	2.0	5.0	124000.0                          	4291.9                 	8.1 	34.6
CCT_64_15 	cgtgtttgtgcctgt	54.9	53.3	15	0.0	7.0	3.0	5.0	130500.0                          	4581.0                 	7.7 	35.1
CCT_115_10	cacgagctgc     	38.1	70.0	10	2.0	1.0	4.0	3.0	91200.0                           	3013.0                 	11.0	33.0
CCT_115_11	cacgagctgcc    	46.5	72.7	11	2.0	1.0	5.0	3.0	98400.0                           	3302.2                 	10.2	33.6
CCT_115_12	cacgagctgccc   	53.2	75.0	12	2.0	1.0	6.0	3.0	105600.0                          	3591.4                 	9.5 	34.0
CCT_115_13	cacgagctgcccc  	58.9	76.9	13	2.0	1.0	7.0	3.0	112800.0                          	3880.6                 	8.9 	34.4
CCT_115_14	cacgagctgccccc 	63.6	78.6	14	2.0	1.0	8.0	3.0	120000.0                          	4169.7                 	8.3 	34.7
CCT_115_15	cacgagctgccccca	66.9	73.3	15	3.0	1.0	8.0	3.0	133800.0                          	4482.9                 	7.5 	33.5
GGG_67_10 	agagaccggc     	38.8	70.0	10	3.0	0.0	3.0	4.0	101800.0                          	3062.0                 	9.8 	30.1
GGG_67_11 	agagaccggcg    	48.5	72.7	11	3.0	0.0	3.0	5.0	112400.0                          	3391.3                 	8.9 	30.2
GGG_67_12 	agagaccggcgc   	54.9	75.0	12	3.0	0.0	4.0	5.0	118500.0                          	3680.4                 	8.4 	31.1
GGG_67_13 	agagaccggcgca  	59.1	69.2	13	4.0	0.0	4.0	5.0	132300.0                          	3993.6                 	7.6 	30.2
GGG_67_14 	agagaccggcgcac 	60.2	71.4	14	4.0	0.0	5.0	5.0	138100.0                          	4282.8                 	7.2 	31.0
GGG_67_15 	agagaccggcgcaca	63.8	66.7	15	5.0	0.0	5.0	5.0	151900.0                          	4596.0                 	6.6 	30.3
GGG_109_10	ctccgcaaga     	37.7	60.0	10	3.0	1.0	4.0	2.0	95700.0                           	2997.0                 	10.4	31.3
GGG_109_11	tctccgcaaga    	42.1	54.5	11	3.0	2.0	4.0	2.0	104500.0                          	3301.2                 	9.6 	31.6
GGG_109_12	atctccgcaaga   	44.1	50.0	12	4.0	2.0	4.0	2.0	118600.0                          	3614.4                 	8.4 	30.5
GGG_109_13	aatctccgcaaga  	47.4	46.2	13	5.0	2.0	4.0	2.0	130600.0                          	3927.6                 	7.7 	30.1
GGG_109_14	gaatctccgcaaga 	50.5	50.0	14	5.0	2.0	4.0	3.0	140400.0                          	4256.8                 	7.1 	30.3
GGG_109_15	agaatctccgcaaga	52.4	46.7	15	6.0	2.0	4.0	3.0	153900.0                          	4570.1                 	6.5 	29.7
GGG_136_10	agcactaagc     	26.0	50.0	10	4.0	1.0	3.0	2.0	100900.0                          	3021.0                 	9.9 	29.9
GGG_136_11	agcactaagcg    	37.2	54.5	11	4.0	1.0	3.0	3.0	111500.0                          	3350.3                 	9.0 	30.0
GGG_136_12	agcactaagcga   	41.2	50.0	12	5.0	1.0	3.0	3.0	125200.0                          	3663.5                 	8.0 	29.3
GGG_136_13	agcactaagcgag  	43.9	53.8	13	5.0	1.0	3.0	4.0	134800.0                          	3992.7                 	7.4 	29.6
GGG_136_14	agcactaagcgagg 	50.0	57.1	14	5.0	1.0	3.0	5.0	144900.0                          	4321.9                 	6.9 	29.8
GGG_136_15	agcactaagcgaggt	51.5	53.3	15	5.0	2.0	3.0	5.0	153400.0                          	4626.1                 	6.5 	30.2
AGA_70_10 	ttgtgcctgt     	32.1	50.0	10	0.0	5.0	2.0	3.0	85800.0                           	3025.0                 	11.7	35.3
AGA_70_11 	tttgtgcctgt    	37.2	45.5	11	0.0	6.0	2.0	3.0	93900.0                           	3329.2                 	10.6	35.5
AGA_70_12 	gtttgtgcctgt   	40.1	50.0	12	0.0	6.0	2.0	4.0	105200.0                          	3658.4                 	9.5 	34.8
AGA_70_13 	tgtttgtgcctgt  	45.4	46.2	13	0.0	7.0	2.0	4.0	112700.0                          	3962.6                 	8.9 	35.2
AGA_70_14 	gtgtttgtgcctgt 	47.5	50.0	14	0.0	7.0	2.0	5.0	124000.0                          	4291.9                 	8.1 	34.6
AGA_70_15 	cgtgtttgtgcctgt	54.9	53.3	15	0.0	7.0	3.0	5.0	130500.0                          	4581.0                 	7.7 	35.1
GAC_73_10 	tcctgggaga     	35.2	60.0	10	2.0	2.0	2.0	4.0	98700.0                           	3068.1                 	10.1	31.1
GAC_73_11 	gtcctgggaga    	38.4	63.6	11	2.0	2.0	2.0	5.0	110000.0                          	3397.3                 	9.1 	30.9
GAC_73_12 	tgtcctgggaga   	44.3	58.3	12	2.0	3.0	2.0	5.0	117500.0                          	3701.5                 	8.5 	31.5
GAC_73_13 	ctgtcctgggaga  	47.0	61.5	13	2.0	3.0	3.0	5.0	124000.0                          	3990.6                 	8.1 	32.2
GAC_73_14 	cctgtcctgggaga 	53.3	64.3	14	2.0	3.0	4.0	5.0	131200.0                          	4279.8                 	7.6 	32.6
GAC_73_15 	gcctgtcctgggaga	58.7	66.7	15	2.0	3.0	4.0	6.0	141400.0                          	4609.0                 	7.1 	32.6
CGG_76_10 	tcctgggaga     	35.2	60.0	10	2.0	2.0	2.0	4.0	98700.0                           	3068.1                 	10.1	31.1
CGG_76_11 	gtcctgggaga    	38.4	63.6	11	2.0	2.0	2.0	5.0	110000.0                          	3397.3                 	9.1 	30.9
CGG_76_12 	tgtcctgggaga   	44.3	58.3	12	2.0	3.0	2.0	5.0	117500.0                          	3701.5                 	8.5 	31.5
CGG_76_13 	ctgtcctgggaga  	47.0	61.5	13	2.0	3.0	3.0	5.0	124000.0                          	3990.6                 	8.1 	32.2
CGG_76_14 	cctgtcctgggaga 	53.3	64.3	14	2.0	3.0	4.0	5.0	131200.0                          	4279.8                 	7.6 	32.6
CGG_76_15 	gcctgtcctgggaga	58.7	66.7	15	2.0	3.0	4.0	6.0	141400.0                          	4609.0                 	7.1 	32.6
CGC_79_10 	tcctgggaga     	35.2	60.0	10	2.0	2.0	2.0	4.0	98700.0                           	3068.1                 	10.1	31.1
CGC_79_11 	gtcctgggaga    	38.4	63.6	11	2.0	2.0	2.0	5.0	110000.0                          	3397.3                 	9.1 	30.9
CGC_79_12 	tgtcctgggaga   	44.3	58.3	12	2.0	3.0	2.0	5.0	117500.0                          	3701.5                 	8.5 	31.5
CGC_79_13 	ctgtcctgggaga  	47.0	61.5	13	2.0	3.0	3.0	5.0	124000.0                          	3990.6                 	8.1 	32.2
CGC_79_14 	cctgtcctgggaga 	53.3	64.3	14	2.0	3.0	4.0	5.0	131200.0                          	4279.8                 	7.6 	32.6
CGC_79_15 	gcctgtcctgggaga	58.7	66.7	15	2.0	3.0	4.0	6.0	141400.0                          	4609.0                 	7.1 	32.6
CGC_100_10	gaaaggggag     	33.9	60.0	10	4.0	0.0	0.0	6.0	112400.0                          	3166.1                 	8.9 	28.2
CGC_100_11	gaaaggggagc    	42.3	63.6	11	4.0	0.0	1.0	6.0	118500.0                          	3455.3                 	8.4 	29.2
CGC_100_12	gaaaggggagcc   	49.1	66.7	12	4.0	0.0	2.0	6.0	125700.0                          	3744.5                 	8.0 	29.8
CGC_100_13	gaaaggggagcct  	51.1	61.5	13	4.0	1.0	2.0	6.0	133500.0                          	4048.7                 	7.5 	30.3
CGC_100_14	gaaaggggagcctc 	53.9	64.3	14	4.0	1.0	3.0	6.0	141000.0                          	4337.9                 	7.1 	30.8
CGC_100_15	gaaaggggagcctca	57.6	60.0	15	5.0	1.0	3.0	6.0	154800.0                          	4651.1                 	6.5 	30.0
ACA_82_10 	tcctgggaga     	35.2	60.0	10	2.0	2.0	2.0	4.0	98700.0                           	3068.1                 	10.1	31.1
ACA_82_11 	gtcctgggaga    	38.4	63.6	11	2.0	2.0	2.0	5.0	110000.0                          	3397.3                 	9.1 	30.9
ACA_82_12 	tgtcctgggaga   	44.3	58.3	12	2.0	3.0	2.0	5.0	117500.0                          	3701.5                 	8.5 	31.5
ACA_82_13 	ctgtcctgggaga  	47.0	61.5	13	2.0	3.0	3.0	5.0	124000.0                          	3990.6                 	8.1 	32.2
ACA_82_14 	cctgtcctgggaga 	53.3	64.3	14	2.0	3.0	4.0	5.0	131200.0                          	4279.8                 	7.6 	32.6
ACA_82_15 	gcctgtcctgggaga	58.7	66.7	15	2.0	3.0	4.0	6.0	141400.0                          	4609.0                 	7.1 	32.6
GAG_85_10 	gaccggcgca     	52.4	80.0	10	2.0	0.0	4.0	4.0	95500.0                           	3038.0                 	10.5	31.8
GAG_85_11 	agaccggcgca    	54.5	72.7	11	3.0	0.0	4.0	4.0	109000.0                          	3351.2                 	9.2 	30.7
GAG_85_12 	gagaccggcgca   	57.5	75.0	12	3.0	0.0	4.0	5.0	118800.0                          	3680.4                 	8.4 	31.0
GAG_85_13 	agagaccggcgca  	59.1	69.2	13	4.0	0.0	4.0	5.0	132300.0                          	3993.6                 	7.6 	30.2
GAG_85_14 	gagagaccggcgca 	61.6	71.4	14	4.0	0.0	4.0	6.0	142100.0                          	4322.9                 	7.0 	30.4
GAG_85_15 	ggagagaccggcgca	65.9	73.3	15	4.0	0.0	4.0	7.0	152200.0                          	4652.1                 	6.6 	30.6
GAG_91_10 	gaccggcgca     	52.4	80.0	10	2.0	0.0	4.0	4.0	95500.0                           	3038.0                 	10.5	31.8
GAG_91_11 	agaccggcgca    	54.5	72.7	11	3.0	0.0	4.0	4.0	109000.0                          	3351.2                 	9.2 	30.7
GAG_91_12 	gagaccggcgca   	57.5	75.0	12	3.0	0.0	4.0	5.0	118800.0                          	3680.4                 	8.4 	31.0
GAG_91_13 	agagaccggcgca  	59.1	69.2	13	4.0	0.0	4.0	5.0	132300.0                          	3993.6                 	7.6 	30.2
GAG_91_14 	gagagaccggcgca 	61.6	71.4	14	4.0	0.0	4.0	6.0	142100.0                          	4322.9                 	7.0 	30.4
GAG_91_15 	ggagagaccggcgca	65.9	73.3	15	4.0	0.0	4.0	7.0	152200.0                          	4652.1                 	6.6 	30.6
GAG_112_10	ctccgcaaga     	37.7	60.0	10	3.0	1.0	4.0	2.0	95700.0                           	2997.0                 	10.4	31.3
GAG_112_11	tctccgcaaga    	42.1	54.5	11	3.0	2.0	4.0	2.0	104500.0                          	3301.2                 	9.6 	31.6
GAG_112_12	atctccgcaaga   	44.1	50.0	12	4.0	2.0	4.0	2.0	118600.0                          	3614.4                 	8.4 	30.5
GAG_112_13	aatctccgcaaga  	47.4	46.2	13	5.0	2.0	4.0	2.0	130600.0                          	3927.6                 	7.7 	30.1
GAG_112_14	gaatctccgcaaga 	50.5	50.0	14	5.0	2.0	4.0	3.0	140400.0                          	4256.8                 	7.1 	30.3
GAG_112_15	agaatctccgcaaga	52.4	46.7	15	6.0	2.0	4.0	3.0	153900.0                          	4570.1                 	6.5 	29.7
GAG_124_10	gggagcacta     	30.9	60.0	10	3.0	1.0	2.0	4.0	103200.0                          	3077.1                 	9.7 	29.8
GAG_124_11	gggagcactaa    	35.8	54.5	11	4.0	1.0	2.0	4.0	115200.0                          	3390.3                 	8.7 	29.4
GAG_124_12	gggagcactaag   	39.2	58.3	12	4.0	1.0	2.0	5.0	124800.0                          	3719.5                 	8.0 	29.8
GAG_124_13	gggagcactaagc  	46.3	61.5	13	4.0	1.0	3.0	5.0	130900.0                          	4008.7                 	7.6 	30.6
GAG_124_14	gggagcactaagcg 	53.6	64.3	14	4.0	1.0	3.0	6.0	141500.0                          	4337.9                 	7.1 	30.7
GAG_124_15	gggagcactaagcga	56.2	60.0	15	5.0	1.0	3.0	6.0	155200.0                          	4651.1                 	6.4 	30.0
GAA_88_10 	gaccggcgca     	52.4	80.0	10	2.0	0.0	4.0	4.0	95500.0                           	3038.0                 	10.5	31.8
GAA_88_11 	agaccggcgca    	54.5	72.7	11	3.0	0.0	4.0	4.0	109000.0                          	3351.2                 	9.2 	30.7
GAA_88_12 	gagaccggcgca   	57.5	75.0	12	3.0	0.0	4.0	5.0	118800.0                          	3680.4                 	8.4 	31.0
GAA_88_13 	agagaccggcgca  	59.1	69.2	13	4.0	0.0	4.0	5.0	132300.0                          	3993.6                 	7.6 	30.2
GAA_88_14 	gagagaccggcgca 	61.6	71.4	14	4.0	0.0	4.0	6.0	142100.0                          	4322.9                 	7.0 	30.4
GAA_88_15 	ggagagaccggcgca	65.9	73.3	15	4.0	0.0	4.0	7.0	152200.0                          	4652.1                 	6.6 	30.6
AAT_94_10 	gaaaggggag     	33.9	60.0	10	4.0	0.0	0.0	6.0	112400.0                          	3166.1                 	8.9 	28.2
AAT_94_11 	gaaaggggagc    	42.3	63.6	11	4.0	0.0	1.0	6.0	118500.0                          	3455.3                 	8.4 	29.2
AAT_94_12 	gaaaggggagcc   	49.1	66.7	12	4.0	0.0	2.0	6.0	125700.0                          	3744.5                 	8.0 	29.8
AAT_94_13 	gaaaggggagcct  	51.1	61.5	13	4.0	1.0	2.0	6.0	133500.0                          	4048.7                 	7.5 	30.3
AAT_94_14 	gaaaggggagcctc 	53.9	64.3	14	4.0	1.0	3.0	6.0	141000.0                          	4337.9                 	7.1 	30.8
AAT_94_15 	gaaaggggagcctca	57.6	60.0	15	5.0	1.0	3.0	6.0	154800.0                          	4651.1                 	6.5 	30.0
CTC_97_10 	gaaaggggag     	33.9	60.0	10	4.0	0.0	0.0	6.0	112400.0                          	3166.1                 	8.9 	28.2
CTC_97_11 	gaaaggggagc    	42.3	63.6	11	4.0	0.0	1.0	6.0	118500.0                          	3455.3                 	8.4 	29.2
CTC_97_12 	gaaaggggagcc   	49.1	66.7	12	4.0	0.0	2.0	6.0	125700.0                          	3744.5                 	8.0 	29.8
CTC_97_13 	gaaaggggagcct  	51.1	61.5	13	4.0	1.0	2.0	6.0	133500.0                          	4048.7                 	7.5 	30.3
CTC_97_14 	gaaaggggagcctc 	53.9	64.3	14	4.0	1.0	3.0	6.0	141000.0                          	4337.9                 	7.1 	30.8
CTC_97_15 	gaaaggggagcctca	57.6	60.0	15	5.0	1.0	3.0	6.0	154800.0                          	4651.1                 	6.5 	30.0
AAG_103_10	cacgagctgc     	38.1	70.0	10	2.0	1.0	4.0	3.0	91200.0                           	3013.0                 	11.0	33.0
AAG_103_11	cacgagctgcc    	46.5	72.7	11	2.0	1.0	5.0	3.0	98400.0                           	3302.2                 	10.2	33.6
AAG_103_12	cacgagctgccc   	53.2	75.0	12	2.0	1.0	6.0	3.0	105600.0                          	3591.4                 	9.5 	34.0
AAG_103_13	cacgagctgcccc  	58.9	76.9	13	2.0	1.0	7.0	3.0	112800.0                          	3880.6                 	8.9 	34.4
AAG_103_14	cacgagctgccccc 	63.6	78.6	14	2.0	1.0	8.0	3.0	120000.0                          	4169.7                 	8.3 	34.7
AAG_103_15	cacgagctgccccca	66.9	73.3	15	3.0	1.0	8.0	3.0	133800.0                          	4482.9                 	7.5 	33.5
AAG_145_10	cgagctgccc     	46.2	80.0	10	1.0	1.0	5.0	3.0	86000.0                           	2989.0                 	11.6	34.8
AAG_145_11	acgagctgccc    	48.4	72.7	11	2.0	1.0	5.0	3.0	99800.0                           	3302.2                 	10.0	33.1
AAG_145_12	cacgagctgccc   	53.2	75.0	12	2.0	1.0	6.0	3.0	105600.0                          	3591.4                 	9.5 	34.0
AAG_145_13	ccacgagctgccc  	58.9	76.9	13	2.0	1.0	7.0	3.0	112800.0                          	3880.6                 	8.9 	34.4
AAG_145_14	accacgagctgccc 	60.0	71.4	14	3.0	1.0	7.0	3.0	126600.0                          	4193.8                 	7.9 	33.1
AAG_145_15	caccacgagctgccc	63.6	73.3	15	3.0	1.0	8.0	3.0	132400.0                          	4482.9                 	7.6 	33.9
AAA_106_10	tctccgcaag     	37.7	60.0	10	2.0	2.0	4.0	2.0	90800.0                           	2988.0                 	11.0	32.9
AAA_106_11	atctccgcaag    	40.2	54.5	11	3.0	2.0	4.0	2.0	104900.0                          	3301.2                 	9.5 	31.5
AAA_106_12	aatctccgcaag   	43.9	50.0	12	4.0	2.0	4.0	2.0	116900.0                          	3614.4                 	8.6 	30.9
AAA_106_13	gaatctccgcaag  	47.4	53.8	13	4.0	2.0	4.0	3.0	126700.0                          	3943.6                 	7.9 	31.1
AAA_106_14	agaatctccgcaag 	49.5	50.0	14	5.0	2.0	4.0	3.0	140200.0                          	4256.8                 	7.1 	30.4
AAA_106_15	gagaatctccgcaag	52.4	53.3	15	5.0	2.0	4.0	4.0	150000.0                          	4586.1                 	6.7 	30.6
CAC_118_10	cacgagctgc     	38.1	70.0	10	2.0	1.0	4.0	3.0	91200.0                           	3013.0                 	11.0	33.0
CAC_118_11	cacgagctgcc    	46.5	72.7	11	2.0	1.0	5.0	3.0	98400.0                           	3302.2                 	10.2	33.6
CAC_118_12	cacgagctgccc   	53.2	75.0	12	2.0	1.0	6.0	3.0	105600.0                          	3591.4                 	9.5 	34.0
CAC_118_13	cacgagctgcccc  	58.9	76.9	13	2.0	1.0	7.0	3.0	112800.0                          	3880.6                 	8.9 	34.4
CAC_118_14	cacgagctgccccc 	63.6	78.6	14	2.0	1.0	8.0	3.0	120000.0                          	4169.7                 	8.3 	34.7
CAC_118_15	cacgagctgccccca	66.9	73.3	15	3.0	1.0	8.0	3.0	133800.0                          	4482.9                 	7.5 	33.5
CAC_121_10	gctgccccca     	50.6	80.0	10	1.0	1.0	6.0	2.0	84400.0                           	2948.9                 	11.8	34.9
CAC_121_11	gctgcccccag    	52.8	81.8	11	1.0	1.0	6.0	3.0	94000.0                           	3278.2                 	10.6	34.9
CAC_121_12	gctgcccccagg   	58.6	83.3	12	1.0	1.0	6.0	4.0	104100.0                          	3607.4                 	9.6 	34.7
CAC_121_13	gctgcccccaggg  	63.4	84.6	13	1.0	1.0	6.0	5.0	114200.0                          	3936.6                 	8.8 	34.5
CAC_121_14	gctgcccccaggga 	65.6	78.6	14	2.0	1.0	6.0	5.0	127900.0                          	4249.8                 	7.8 	33.2
CAC_121_15	gctgcccccagggag	66.4	80.0	15	2.0	1.0	6.0	6.0	137500.0                          	4579.0                 	7.3 	33.3
CTG_127_10	gggagcacta     	30.9	60.0	10	3.0	1.0	2.0	4.0	103200.0                          	3077.1                 	9.7 	29.8
CTG_127_11	gggagcactaa    	35.8	54.5	11	4.0	1.0	2.0	4.0	115200.0                          	3390.3                 	8.7 	29.4
CTG_127_12	gggagcactaag   	39.2	58.3	12	4.0	1.0	2.0	5.0	124800.0                          	3719.5                 	8.0 	29.8
CTG_127_13	gggagcactaagc  	46.3	61.5	13	4.0	1.0	3.0	5.0	130900.0                          	4008.7                 	7.6 	30.6
CTG_127_14	gggagcactaagcg 	53.6	64.3	14	4.0	1.0	3.0	6.0	141500.0                          	4337.9                 	7.1 	30.7
CTG_127_15	gggagcactaagcga	56.2	60.0	15	5.0	1.0	3.0	6.0	155200.0                          	4651.1                 	6.4 	30.0
CCC_130_10	gggagcacta     	30.9	60.0	10	3.0	1.0	2.0	4.0	103200.0                          	3077.1                 	9.7 	29.8
CCC_130_11	gggagcactaa    	35.8	54.5	11	4.0	1.0	2.0	4.0	115200.0                          	3390.3                 	8.7 	29.4
CCC_130_12	gggagcactaag   	39.2	58.3	12	4.0	1.0	2.0	5.0	124800.0                          	3719.5                 	8.0 	29.8
CCC_130_13	gggagcactaagc  	46.3	61.5	13	4.0	1.0	3.0	5.0	130900.0                          	4008.7                 	7.6 	30.6
CCC_130_14	gggagcactaagcg 	53.6	64.3	14	4.0	1.0	3.0	6.0	141500.0                          	4337.9                 	7.1 	30.7
CCC_130_15	gggagcactaagcga	56.2	60.0	15	5.0	1.0	3.0	6.0	155200.0                          	4651.1                 	6.4 	30.0
CCA_133_10	cgagctgccc     	46.2	80.0	10	1.0	1.0	5.0	3.0	86000.0                           	2989.0                 	11.6	34.8
CCA_133_11	acgagctgccc    	48.4	72.7	11	2.0	1.0	5.0	3.0	99800.0                           	3302.2                 	10.0	33.1
CCA_133_12	cacgagctgccc   	53.2	75.0	12	2.0	1.0	6.0	3.0	105600.0                          	3591.4                 	9.5 	34.0
CCA_133_13	ccacgagctgccc  	58.9	76.9	13	2.0	1.0	7.0	3.0	112800.0                          	3880.6                 	8.9 	34.4
CCA_133_14	accacgagctgccc 	60.0	71.4	14	3.0	1.0	7.0	3.0	126600.0                          	4193.8                 	7.9 	33.1
CCA_133_15	caccacgagctgccc	63.6	73.3	15	3.0	1.0	8.0	3.0	132400.0                          	4482.9                 	7.6 	33.9
AGC_139_10	cgagctgccc     	46.2	80.0	10	1.0	1.0	5.0	3.0	86000.0                           	2989.0                 	11.6	34.8
AGC_139_11	acgagctgccc    	48.4	72.7	11	2.0	1.0	5.0	3.0	99800.0                           	3302.2                 	10.0	33.1
AGC_139_12	cacgagctgccc   	53.2	75.0	12	2.0	1.0	6.0	3.0	105600.0                          	3591.4                 	9.5 	34.0
AGC_139_13	ccacgagctgccc  	58.9	76.9	13	2.0	1.0	7.0	3.0	112800.0                          	3880.6                 	8.9 	34.4
AGC_139_14	accacgagctgccc 	60.0	71.4	14	3.0	1.0	7.0	3.0	126600.0                          	4193.8                 	7.9 	33.1
AGC_139_15	caccacgagctgccc	63.6	73.3	15	3.0	1.0	8.0	3.0	132400.0                          	4482.9                 	7.6 	33.9
ACT_142_10	cgagctgccc     	46.2	80.0	10	1.0	1.0	5.0	3.0	86000.0                           	2989.0                 	11.6	34.8
ACT_142_11	acgagctgccc    	48.4	72.7	11	2.0	1.0	5.0	3.0	99800.0                           	3302.2                 	10.0	33.1
ACT_142_12	cacgagctgccc   	53.2	75.0	12	2.0	1.0	6.0	3.0	105600.0                          	3591.4                 	9.5 	34.0
ACT_142_13	ccacgagctgccc  	58.9	76.9	13	2.0	1.0	7.0	3.0	112800.0                          	3880.6                 	8.9 	34.4
ACT_142_14	accacgagctgccc 	60.0	71.4	14	3.0	1.0	7.0	3.0	126600.0                          	4193.8                 	7.9 	33.1
ACT_142_15	caccacgagctgccc	63.6	73.3	15	3.0	1.0	8.0	3.0	132400.0                          	4482.9                 	7.6 	33.9
